F1: 0.8185328185328187
Accuracy: 0.9582963620230701